Left1 to middle
left1 [(287.50716524854465, 377.8788625167937), (544.1126287505598, 612.9885803851322), (670.4001343484102, 371.1614420062697), (843.7095835199283, 218.00425436632338), (1070.7583967756382, 363.10053739364093)]
middle [(108.82377967, 371.16144201), (386.9249888, 615.67554859), (519.92991491, 367.1309897), (683.83497537, 220.69122257), (900.13591581, 367.1309897)]

Left2 to left1
left2 [(526.6473354231974, 383.2527989252128), (773.8484102104791, 615.6755485893418), (902.822884012539, 375.19189431258405), (1092.2541424093147, 208.59986565158988), (1062.6974921630094, 471.922749664129)]
left1 [(287.50716525, 373.84841021), (548.14308106, 615.67554859), (670.40013435, 371.16144201), (841.02261532, 216.66077026), (812.80944917, 459.83139275)]

Right1 to middle
right1 [(307.6594267801165, 363.10053739364093), (490.3732646663681, 223.3781907747425), (694.5828481862965, 367.1309896999553), (460.8166144200626, 455.8009404388715), (730.8569189431258, 524.318629646216)]
middle [(518.58643081, 369.8179579), (693.23936408, 223.37819077), (900.13591581, 367.1309897), (665.02619794, 463.86184505), (945.81437528, 529.69256605)]

Right2 to right1
right2 [(48.36699507389176, 352.35266457680257), (256.6070309001344, 209.94334975369463), (475.59493954321545, 367.1309896999553), (228.3938647559338, 459.8313927451859), (515.8994626063592, 525.6621137483207)]
right1 [(307.65942678, 361.75705329), (486.34281236, 220.69122257), (691.89587998, 367.1309897), (460.81661442, 457.14442454), (728.16995074, 522.97514554)]





